4294967278,186
4294967279,186
4294967278,275
4294967278,399
4294967279,326
4294967279,181
4294967294,437
4294967278,364
4294967279,307
4294967279,357
4294967278,348
336,5
336,4
336,3
336,2
336,1
4294967278,310
334,4
334,3
334,2
334,1
4294967294,1416
4294967279,294
4294967278,301
4294967278,300
333,6
4294967278,158
4294967279,349
333,5
333,4
4294967278,154
333,3
333,2
333,1
4294967294,409
4294967294,395
4294967294,179
4294967294,420
4294967294,407
4294967294,406
4294967294,463
4294967294,448
4294967294,411
4294967278,410
4294967278,347
332,5
332,4
332,3
332,2
332,1
4294967278,329
4294967279,568
4294967278,279
4294967279,538
331,5
4294967278,141
331,4
331,3
331,2
331,1
4294967278,277
330,4
330,3
330,2
330,1
4294967278,133
329,4
329,3
329,2
329,1
4294967279,339
4294967279,266
4294967278,286
4294967279,566
4294967278,409
4294967279,529
4294967278,271
4294967278,0
4294967294,392
4294967278,266
4294967278,282
4294967278,391
4294967278,62
4294967278,61
4294967278,60
4294967278,59
4294967278,58
4294967278,57
4294967278,56
4294967278,55
4294967279,335
4294967279,351
4294967279,174
4294967279,86
4294967279,83
4294967279,82
4294967279,80
4294967279,78
4294967279,77
4294967279,76
4294967279,75
4294967279,73
4294967279,70
4294967279,68
4294967279,67
4294967279,65
4294967279,61
4294967279,59
4294967279,58
4294967279,56
4294967279,55
4294967279,54
4294967279,53
4294967279,52
4294967279,51
4294967279,50
4294967279,48
4294967279,46
4294967279,45
4294967279,44
4294967279,42
4294967279,40
4294967279,39
4294967279,37
4294967279,33
4294967279,32
4294967279,31
4294967279,30
4294967279,27
4294967279,26
4294967279,25
4294967279,24
4294967279,23
4294967279,20
4294967279,18
4294967279,16
4294967279,13
4294967279,9
4294967279,11
4294967278,341
4294967294,30
4294967294,942
4294967294,941
4294967294,939
4294967294,938
4294967294,933
4294967294,922
4294967294,436
4294967294,158
4294967294,157
4294967294,156
4294967294,155
4294967294,60
4294967279,10
4294967279,259
4294967294,12
4294967278,381
4294967278,337
4294967279,281
4294967279,527
328,5
328,4
328,3
328,2
328,1
326,4
326,3
326,2
326,1
4294967279,242
325,6
4294967278,239
325,5
4294967278,234
325,4
325,3
325,2
325,1
4294967279,232
4294967278,230
4294967279,225
4294967278,228
4294967279,330
4294967278,226
324,5
4294967279,223
4294967278,222
4294967279,221
324,4
324,3
324,2
324,1
4294967278,371
4294967279,219
4294967279,215
4294967294,396
4294967294,415
4294967294,108
4294967294,461
4294967294,453
4294967279,273
4294967279,214
4294967278,327
4294967279,213
323,5
4294967279,211
323,4
4294967279,210
323,3
323,2
323,1
4294967278,209
4294967278,208
4294967279,208
4294967278,207
4294967279,207
322,4
4294967278,206
322,3
322,2
322,1
4294967279,206
4294967278,205
4294967278,204
4294967279,203
321,4
321,3
321,2
321,1
4294967278,201
4294967279,315
4294967278,378
4294967279,313
4294967279,198
4294967279,350
4294967278,408
320,4
4294967278,195
320,3
320,2
320,1
4294967278,194
4294967278,193
4294967278,192
4294967279,192
4294967278,191
319,4
4294967279,191
319,3
319,2
319,1
4294967279,310
4294967278,190
4294967278,384
4294967278,309
4294967279,565
4294967279,329
4294967279,309
4294967278,316
4294967279,561
4294967278,315
4294967279,559
4294967279,560
4294967278,367
4294967278,407
4294967278,178
4294967279,306
4294967278,375
4294967279,172
4294967279,171
318,5
318,4
318,2
318,1
4294967279,302
4294967278,169
4294967279,301
4294967278,362
4294967279,331
4294967278,305
4294967279,162
4294967278,161
4294967279,159
4294967278,160
4294967279,160
4294967278,159
4294967279,158
4294967278,157
4294967278,156
4294967279,155
4294967278,155
4294967279,154
4294967279,356
4294967279,539
4294967279,149
4294967294,89
315,4
4294967279,147
315,3
315,2
315,1
4294967278,147
4294967278,145
4294967278,293
4294967278,140
4294967279,141
313,6
4294967279,272
4294967278,139
4294967278,138
313,5
4294967294,388
4294967278,136
4294967279,135
313,4
313,3
313,2
313,1
4294967278,406
4294967279,134
4294967279,133
4294967294,1415
4294967294,399
4294967294,444
4294967294,191
4294967294,1
4294967294,112
4294967278,288
4294967294,393
4294967294,389
4294967294,120
4294967294,114
4294967279,271
4294967278,284
312,5
4294967278,287
4294967278,274
312,4
312,3
312,2
312,1
4294967279,341
4294967278,273
4294967278,283
4294967279,325
4294967278,340
4294967279,276
311,5
311,4
4294967278,339
311,3
311,2
311,1
4294967278,356
0,7
4294967294,903
4294967294,904
4294967294,186
4294967294,390
4294967279,355
4294967294,0
4294967294,468
4294967279,552
4294967279,347
310,4
310,3
310,2
310,1
4294967279,523
4294967294,17
4294967294,99
4294967294,76
0,5
4294967278,254
4294967279,250
308,4
308,3
308,2
308,1
4294967294,67
4294967294,2
4294967294,28
4294967294,29
4294967294,25
4294967279,530
4294967279,0
4294967278,405
4294967278,241
4294967294,46
4294967294,44
4294967279,354
4294967294,107
4294967294,50
4294967294,91
4294967294,90
4294967294,87
4294967294,86
4294967294,85
4294967294,84
4294967294,950
4294967294,921
4294967294,949
4294967294,419
4294967294,920
4294967294,27
4294967294,53
4294967294,45
4294967294,427
4294967294,42
4294967294,41
4294967294,96
4294967294,94
4294967278,338
4294967294,946
4294967294,26
4294967294,424
4294967294,9
4294967294,8
4294967279,235
4294967294,7
4294967294,6
4294967294,22
4294967294,43
4294967294,417
4294967294,51
4294967294,52
4294967294,93
4294967294,95
4294967294,82
4294967294,92
4294967294,88
4294967294,81
4294967294,970
4294967294,1414
4294967294,83
4294967294,11
4294967294,68
4294967278,132
4294967278,131
4294967278,130
4294967278,129
4294967278,128
4294967278,127
4294967278,126
4294967278,125
4294967278,124
4294967278,123
4294967278,122
4294967278,121
4294967278,120
4294967278,119
4294967278,118
4294967278,117
4294967278,116
4294967278,115
4294967278,114
4294967278,113
4294967278,112
4294967278,111
4294967278,110
4294967278,109
